  0   0   0   0   0   0   0   0   0   0   0   0   0   0   0   0
  0   0   0   0   0   0   0   0   0   0   0   0   0   0   0   0
  0   0 140 189 189 189 189 189 189 189 189 189 189 144   0   0
  0   0 189 254 243 255 255 255 255 255 255 244 254 195   0   0
  0   0 189 243  42 234 255 255 255 255 235  49 240 195   0   0
  0   0 189 255 234  44 234 255 255 235  54 227 255 195   0   0
  0   0 189 255 255 234  66 230 231  76 223 255 255 195   0   0
  0   0 189 255 255 255 230 120 122 221 255 255 255 195   0   0
  0   0 189 255 255 255 231 122 124 223 255 255 255 195   0   0
  0   0 189 255 255 235  76 221 223  84 225 255 255 195   0   0
  0   0 189 255 235  54 223 255 255 225  63 228 255 195   0   0
  0   0 189 244  49 227 255 255 255 255 228  55 241 195   0   0
  0   0 189 254 240 255 255 255 255 255 255 241 254 195   0   0
  0   0 144 195 195 195 195 195 195 195 195 195 195 149   0   0
  0   0   0   0   0   0   0   0   0   0   0   0   0   0   0   0
  0   0   0   0   0   0   0   0   0   0   0   0   0   0   0   0
  0   0   0   0   0   0   0   0   0   0   0   0   0   0   0   0
  0   0   0   0   0   0   0   0   0   0   0   0   0   0   0   0
  0   0 140 189 189 189 189 189 189 189 189 189 189 144   0   0
  0   0 189 254 243 255 255 255 255 255 255 244 254 195   0   0
  0   0 189 243  42 234 255 255 255 255 235  49 240 195   0   0
  0   0 189 255 234  44 234 255 255 235  54 227 255 195   0   0
  0   0 189 255 255 234  66 230 231  76 223 255 255 195   0   0
  0   0 189 255 255 255 230 120 122 221 255 255 255 195   0   0
  0   0 189 255 255 255 231 122 124 223 255 255 255 195   0   0
  0   0 189 255 255 235  76 221 223  84 225 255 255 195   0   0
  0   0 189 255 235  54 223 255 255 225  63 228 255 195   0   0
  0   0 189 244  49 227 255 255 255 255 228  55 241 195   0   0
  0   0 189 254 240 255 255 255 255 255 255 241 254 195   0   0
  0   0 144 195 195 195 195 195 195 195 195 195 195 149   0   0
  0   0   0   0   0   0   0   0   0   0   0   0   0   0   0   0
  0   0   0   0   0   0   0   0   0   0   0   0   0   0   0   0
  0   0   0   0   0   0   0   0   0   0   0   0   0   0   0   0
  0   0   0   0   0   0   0   0   0   0   0   0   0   0   0   0
  0   0 140 189 189 189 189 189 189 189 189 189 189 144   0   0
  0   0 189 254 243 255 255 255 255 255 255 244 254 195   0   0
  0   0 189 243  42 234 255 255 255 255 235  49 240 195   0   0
  0   0 189 255 234  44 234 255 255 235  54 227 255 195   0   0
  0   0 189 255 255 234  66 230 231  76 223 255 255 195   0   0
  0   0 189 255 255 255 230 120 122 221 255 255 255 195   0   0
  0   0 189 255 255 255 231 122 124 223 255 255 255 195   0   0
  0   0 189 255 255 235  76 221 223  84 225 255 255 195   0   0
  0   0 189 255 235  54 223 255 255 225  63 228 255 195   0   0
  0   0 189 244  49 227 255 255 255 255 228  55 241 195   0   0
  0   0 189 254 240 255 255 255 255 255 255 241 254 195   0   0
  0   0 144 195 195 195 195 195 195 195 195 195 195 149   0   0
  0   0   0   0   0   0   0   0   0   0   0   0   0   0   0   0
  0   0   0   0   0   0   0   0   0   0   0   0   0   0   0   0

  0   0   0   0   0   0   0   0   0   0   0   0   0   0   0   0
  0   0   0   0   0   0   0   0   0   0   0   0   0   0   0   0
  0   0 144 195 195 195 195 195 195 195 195 195 195 149   0   0
  0   0 189 254 240 255 255 255 255 255 255 241 254 195   0   0
  0   0 189 244  49 227 255 255 255 255 228  55 241 195   0   0
  0   0 189 255 235  54 223 255 255 225  63 228 255 195   0   0
  0   0 189 255 255 235  76 221 223  84 225 255 255 195   0   0
  0   0 189 255 255 255 231 122 124 223 255 255 255 195   0   0
  0   0 189 255 255 255 230 120 122 221 255 255 255 195   0   0
  0   0 189 255 255 234  66 230 231  76 223 255 255 195   0   0
  0   0 189 255 234  44 234 255 255 235  54 227 255 195   0   0
  0   0 189 243  42 234 255 255 255 255 235  49 240 195   0   0
  0   0 189 254 243 255 255 255 255 255 255 244 254 195   0   0
  0   0 140 189 189 189 189 189 189 189 189 189 189 144   0   0
  0   0   0   0   0   0   0   0   0   0   0   0   0   0   0   0
  0   0   0   0   0   0   0   0   0   0   0   0   0   0   0   0
  0   0   0   0   0   0   0   0   0   0   0   0   0   0   0   0
  0   0   0   0   0   0   0   0   0   0   0   0   0   0   0   0
  0   0 144 195 195 195 195 195 195 195 195 195 195 149   0   0
  0   0 189 254 240 255 255 255 255 255 255 241 254 195   0   0
  0   0 189 244  49 227 255 255 255 255 228  55 241 195   0   0
  0   0 189 255 235  54 223 255 255 225  63 228 255 195   0   0
  0   0 189 255 255 235  76 221 223  84 225 255 255 195   0   0
  0   0 189 255 255 255 231 122 124 223 255 255 255 195   0   0
  0   0 189 255 255 255 230 120 122 221 255 255 255 195   0   0
  0   0 189 255 255 234  66 230 231  76 223 255 255 195   0   0
  0   0 189 255 234  44 234 255 255 235  54 227 255 195   0   0
  0   0 189 243  42 234 255 255 255 255 235  49 240 195   0   0
  0   0 189 254 243 255 255 255 255 255 255 244 254 195   0   0
  0   0 140 189 189 189 189 189 189 189 189 189 189 144   0   0
  0   0   0   0   0   0   0   0   0   0   0   0   0   0   0   0
  0   0   0   0   0   0   0   0   0   0   0   0   0   0   0   0
  0   0   0   0   0   0   0   0   0   0   0   0   0   0   0   0
  0   0   0   0   0   0   0   0   0   0   0   0   0   0   0   0
  0   0 144 195 195 195 195 195 195 195 195 195 195 149   0   0
  0   0 189 254 240 255 255 255 255 255 255 241 254 195   0   0
  0   0 189 244  49 227 255 255 255 255 228  55 241 195   0   0
  0   0 189 255 235  54 223 255 255 225  63 228 255 195   0   0
  0   0 189 255 255 235  76 221 223  84 225 255 255 195   0   0
  0   0 189 255 255 255 231 122 124 223 255 255 255 195   0   0
  0   0 189 255 255 255 230 120 122 221 255 255 255 195   0   0
  0   0 189 255 255 234  66 230 231  76 223 255 255 195   0   0
  0   0 189 255 234  44 234 255 255 235  54 227 255 195   0   0
  0   0 189 243  42 234 255 255 255 255 235  49 240 195   0   0
  0   0 189 254 243 255 255 255 255 255 255 244 254 195   0   0
  0   0 140 189 189 189 189 189 189 189 189 189 189 144   0   0
  0   0   0   0   0   0   0   0   0   0   0   0   0   0   0   0
  0   0   0   0   0   0   0   0   0   0   0   0   0   0   0   0

  0   0   0   0   0   0   0   0   0   0   0   0   0   0   0   0
  0   0   0   0   0   0   0   0   0   0   0   0   0   0   0   0
  0   0 149 195 195 195 195 195 195 195 195 195 195 144   0   0
  0   0 195 254 241 255 255 255 255 255 255 240 254 189   0   0
  0   0 195 241  55 228 255 255 255 255 227  49 244 189   0   0
  0   0 195 255 228  63 225 255 255 223  54 235 255 189   0   0
  0   0 195 255 255 225  84 223 221  76 235 255 255 189   0   0
  0   0 195 255 255 255 223 124 122 231 255 255 255 189   0   0
  0   0 195 255 255 255 221 122 120 230 255 255 255 189   0   0
  0   0 195 255 255 223  76 231 230  66 234 255 255 189   0   0
  0   0 195 255 227  54 235 255 255 234  44 234 255 189   0   0
  0   0 195 240  49 235 255 255 255 255 234  42 243 189   0   0
  0   0 195 254 244 255 255 255 255 255 255 243 254 189   0   0
  0   0 144 189 189 189 189 189 189 189 189 189 189 140   0   0
  0   0   0   0   0   0   0   0   0   0   0   0   0   0   0   0
  0   0   0   0   0   0   0   0   0   0   0   0   0   0   0   0
  0   0   0   0   0   0   0   0   0   0   0   0   0   0   0   0
  0   0   0   0   0   0   0   0   0   0   0   0   0   0   0   0
  0   0 149 195 195 195 195 195 195 195 195 195 195 144   0   0
  0   0 195 254 241 255 255 255 255 255 255 240 254 189   0   0
  0   0 195 241  55 228 255 255 255 255 227  49 244 189   0   0
  0   0 195 255 228  63 225 255 255 223  54 235 255 189   0   0
  0   0 195 255 255 225  84 223 221  76 235 255 255 189   0   0
  0   0 195 255 255 255 223 124 122 231 255 255 255 189   0   0
  0   0 195 255 255 255 221 122 120 230 255 255 255 189   0   0
  0   0 195 255 255 223  76 231 230  66 234 255 255 189   0   0
  0   0 195 255 227  54 235 255 255 234  44 234 255 189   0   0
  0   0 195 240  49 235 255 255 255 255 234  42 243 189   0   0
  0   0 195 254 244 255 255 255 255 255 255 243 254 189   0   0
  0   0 144 189 189 189 189 189 189 189 189 189 189 140   0   0
  0   0   0   0   0   0   0   0   0   0   0   0   0   0   0   0
  0   0   0   0   0   0   0   0   0   0   0   0   0   0   0   0
  0   0   0   0   0   0   0   0   0   0   0   0   0   0   0   0
  0   0   0   0   0   0   0   0   0   0   0   0   0   0   0   0
  0   0 149 195 195 195 195 195 195 195 195 195 195 144   0   0
  0   0 195 254 241 255 255 255 255 255 255 240 254 189   0   0
  0   0 195 241  55 228 255 255 255 255 227  49 244 189   0   0
  0   0 195 255 228  63 225 255 255 223  54 235 255 189   0   0
  0   0 195 255 255 225  84 223 221  76 235 255 255 189   0   0
  0   0 195 255 255 255 223 124 122 231 255 255 255 189   0   0
  0   0 195 255 255 255 221 122 120 230 255 255 255 189   0   0
  0   0 195 255 255 223  76 231 230  66 234 255 255 189   0   0
  0   0 195 255 227  54 235 255 255 234  44 234 255 189   0   0
  0   0 195 240  49 235 255 255 255 255 234  42 243 189   0   0
  0   0 195 254 244 255 255 255 255 255 255 243 254 189   0   0
  0   0 144 189 189 189 189 189 189 189 189 189 189 140   0   0
  0   0   0   0   0   0   0   0   0   0   0   0   0   0   0   0
  0   0   0   0   0   0   0   0   0   0   0   0   0   0   0   0

  0   0   0   0   0   0   0   0   0   0   0   0   0   0   0   0
  0   0   0   0   0   0   0   0   0   0   0   0   0   0   0   0
  0   0 144 189 189 189 189 189 189 189 189 189 189 140   0   0
  0   0 195 254 244 255 255 255 255 255 255 243 254 189   0   0
  0   0 195 240  49 235 255 255 255 255 234  42 243 189   0   0
  0   0 195 255 227  54 235 255 255 234  44 234 255 189   0   0
  0   0 195 255 255 223  76 231 230  66 234 255 255 189   0   0
  0   0 195 255 255 255 221 122 120 230 255 255 255 189   0   0
  0   0 195 255 255 255 223 124 122 231 255 255 255 189   0   0
  0   0 195 255 255 225  84 223 221  76 235 255 255 189   0   0
  0   0 195 255 228  63 225 255 255 223  54 235 255 189   0   0
  0   0 195 241  55 228 255 255 255 255 227  49 244 189   0   0
  0   0 195 254 241 255 255 255 255 255 255 240 254 189   0   0
  0   0 149 195 195 195 195 195 195 195 195 195 195 144   0   0
  0   0   0   0   0   0   0   0   0   0   0   0   0   0   0   0
  0   0   0   0   0   0   0   0   0   0   0   0   0   0   0   0
  0   0   0   0   0   0   0   0   0   0   0   0   0   0   0   0
  0   0   0   0   0   0   0   0   0   0   0   0   0   0   0   0
  0   0 144 189 189 189 189 189 189 189 189 189 189 140   0   0
  0   0 195 254 244 255 255 255 255 255 255 243 254 189   0   0
  0   0 195 240  49 235 255 255 255 255 234  42 243 189   0   0
  0   0 195 255 227  54 235 255 255 234  44 234 255 189   0   0
  0   0 195 255 255 223  76 231 230  66 234 255 255 189   0   0
  0   0 195 255 255 255 221 122 120 230 255 255 255 189   0   0
  0   0 195 255 255 255 223 124 122 231 255 255 255 189   0   0
  0   0 195 255 255 225  84 223 221  76 235 255 255 189   0   0
  0   0 195 255 228  63 225 255 255 223  54 235 255 189   0   0
  0   0 195 241  55 228 255 255 255 255 227  49 244 189   0   0
  0   0 195 254 241 255 255 255 255 255 255 240 254 189   0   0
  0   0 149 195 195 195 195 195 195 195 195 195 195 144   0   0
  0   0   0   0   0   0   0   0   0   0   0   0   0   0   0   0
  0   0   0   0   0   0   0   0   0   0   0   0   0   0   0   0
  0   0   0   0   0   0   0   0   0   0   0   0   0   0   0   0
  0   0   0   0   0   0   0   0   0   0   0   0   0   0   0   0
  0   0 144 189 189 189 189 189 189 189 189 189 189 140   0   0
  0   0 195 254 244 255 255 255 255 255 255 243 254 189   0   0
  0   0 195 240  49 235 255 255 255 255 234  42 243 189   0   0
  0   0 195 255 227  54 235 255 255 234  44 234 255 189   0   0
  0   0 195 255 255 223  76 231 230  66 234 255 255 189   0   0
  0   0 195 255 255 255 221 122 120 230 255 255 255 189   0   0
  0   0 195 255 255 255 223 124 122 231 255 255 255 189   0   0
  0   0 195 255 255 225  84 223 221  76 235 255 255 189   0   0
  0   0 195 255 228  63 225 255 255 223  54 235 255 189   0   0
  0   0 195 241  55 228 255 255 255 255 227  49 244 189   0   0
  0   0 195 254 241 255 255 255 255 255 255 240 254 189   0   0
  0   0 149 195 195 195 195 195 195 195 195 195 195 144   0   0
  0   0   0   0   0   0   0   0   0   0   0   0   0   0   0   0
  0   0   0   0   0   0   0   0   0   0   0   0   0   0   0   0
