  0   0   0   0   0   0   0   0   0   0   0   0   0   0   0   0
  0   0   0   0   0   0   0   0   0   0   0   0   0   0   0   0
  0   0 140 188 188 189 189 188 188 189 189 188 188 144   0   0
  0   0 188 253 243 254 254 253 253 254 254 243 253 194   0   0
  0   0 188 243  42 234 254 253 253 254 235  49 240 194   0   0
  0   0 189 254 234  44 234 254 254 235  54 227 254 195   0   0
  0   0 189 254 254 234  66 229 230  76 223 254 254 195   0   0
  0   0 188 253 253 254 229 120 122 220 254 253 253 194   0   0
  0   0 188 253 253 254 230 122 124 222 254 253 253 194   0   0
  0   0 189 254 254 235  76 220 222  84 225 254 254 195   0   0
  0   0 189 254 235  54 223 254 254 225  63 228 254 195   0   0
  0   0 188 243  49 227 254 253 253 254 228  55 241 194   0   0
  0   0 188 253 240 254 254 253 253 254 254 241 253 194   0   0
  0   0 144 194 194 195 195 194 194 195 195 194 194 149   0   0
  0   0   0   0   0   0   0   0   0   0   0   0   0   0   0   0
  0   0   0   0   0   0   0   0   0   0   0   0   0   0   0   0
  0   0   0   0   0   0   0   0   0   0   0   0   0   0   0   0
  0   0   0   0   0   0   0   0   0   0   0   0   0   0   0   0
  0   0 140 188 188 189 189 188 188 189 189 188 188 144   0   0
  0   0 188 253 243 254 254 253 253 254 254 243 253 194   0   0
  0   0 188 243  42 234 254 253 253 254 235  49 240 194   0   0
  0   0 189 254 234  44 234 254 254 235  54 227 254 195   0   0
  0   0 189 254 254 234  66 229 230  76 223 254 254 195   0   0
  0   0 188 253 253 254 229 120 122 220 254 253 253 194   0   0
  0   0 188 253 253 254 230 122 124 222 254 253 253 194   0   0
  0   0 189 254 254 235  76 220 222  84 225 254 254 195   0   0
  0   0 189 254 235  54 223 254 254 225  63 228 254 195   0   0
  0   0 188 243  49 227 254 253 253 254 228  55 241 194   0   0
  0   0 188 253 240 254 254 253 253 254 254 241 253 194   0   0
  0   0 144 194 194 195 195 194 194 195 195 194 194 149   0   0
  0   0   0   0   0   0   0   0   0   0   0   0   0   0   0   0
  0   0   0   0   0   0   0   0   0   0   0   0   0   0   0   0
  0   0   0   0   0   0   0   0   0   0   0   0   0   0   0   0
  0   0   0   0   0   0   0   0   0   0   0   0   0   0   0   0
  0   0 140 188 188 189 189 188 188 189 189 188 188 144   0   0
  0   0 188 253 243 254 254 253 253 254 254 243 253 194   0   0
  0   0 188 243  42 234 254 253 253 254 235  49 240 194   0   0
  0   0 189 254 234  44 234 254 254 235  54 227 254 195   0   0
  0   0 189 254 254 234  66 229 230  76 223 254 254 195   0   0
  0   0 188 253 253 254 229 120 122 220 254 253 253 194   0   0
  0   0 188 253 253 254 230 122 124 222 254 253 253 194   0   0
  0   0 189 254 254 235  76 220 222  84 225 254 254 195   0   0
  0   0 189 254 235  54 223 254 254 225  63 228 254 195   0   0
  0   0 188 243  49 227 254 253 253 254 228  55 241 194   0   0
  0   0 188 253 240 254 254 253 253 254 254 241 253 194   0   0
  0   0 144 194 194 195 195 194 194 195 195 194 194 149   0   0
  0   0   0   0   0   0   0   0   0   0   0   0   0   0   0   0
  0   0   0   0   0   0   0   0   0   0   0   0   0   0   0   0

  0   0   0   0   0   0   0   0   0   0   0   0   0   0   0   0
  0   0   0   0   0   0   0   0   0   0   0   0   0   0   0   0
  0   0 144 194 194 195 195 194 194 195 195 194 194 149   0   0
  0   0 188 253 240 254 254 253 253 254 254 241 253 194   0   0
  0   0 188 243  49 227 254 253 253 254 228  55 241 194   0   0
  0   0 189 254 235  54 223 254 254 225  63 228 254 195   0   0
  0   0 189 254 254 235  76 220 222  84 225 254 254 195   0   0
  0   0 188 253 253 254 230 122 124 222 254 253 253 194   0   0
  0   0 188 253 253 254 229 120 122 220 254 253 253 194   0   0
  0   0 189 254 254 234  66 229 230  76 223 254 254 195   0   0
  0   0 189 254 234  44 234 254 254 235  54 227 254 195   0   0
  0   0 188 243  42 234 254 253 253 254 235  49 240 194   0   0
  0   0 188 253 243 254 254 253 253 254 254 243 253 194   0   0
  0   0 140 188 188 189 189 188 188 189 189 188 188 144   0   0
  0   0   0   0   0   0   0   0   0   0   0   0   0   0   0   0
  0   0   0   0   0   0   0   0   0   0   0   0   0   0   0   0
  0   0   0   0   0   0   0   0   0   0   0   0   0   0   0   0
  0   0   0   0   0   0   0   0   0   0   0   0   0   0   0   0
  0   0 144 194 194 195 195 194 194 195 195 194 194 149   0   0
  0   0 188 253 240 254 254 253 253 254 254 241 253 194   0   0
  0   0 188 243  49 227 254 253 253 254 228  55 241 194   0   0
  0   0 189 254 235  54 223 254 254 225  63 228 254 195   0   0
  0   0 189 254 254 235  76 220 222  84 225 254 254 195   0   0
  0   0 188 253 253 254 230 122 124 222 254 253 253 194   0   0
  0   0 188 253 253 254 229 120 122 220 254 253 253 194   0   0
  0   0 189 254 254 234  66 229 230  76 223 254 254 195   0   0
  0   0 189 254 234  44 234 254 254 235  54 227 254 195   0   0
  0   0 188 243  42 234 254 253 253 254 235  49 240 194   0   0
  0   0 188 253 243 254 254 253 253 254 254 243 253 194   0   0
  0   0 140 188 188 189 189 188 188 189 189 188 188 144   0   0
  0   0   0   0   0   0   0   0   0   0   0   0   0   0   0   0
  0   0   0   0   0   0   0   0   0   0   0   0   0   0   0   0
  0   0   0   0   0   0   0   0   0   0   0   0   0   0   0   0
  0   0   0   0   0   0   0   0   0   0   0   0   0   0   0   0
  0   0 144 194 194 195 195 194 194 195 195 194 194 149   0   0
  0   0 188 253 240 254 254 253 253 254 254 241 253 194   0   0
  0   0 188 243  49 227 254 253 253 254 228  55 241 194   0   0
  0   0 189 254 235  54 223 254 254 225  63 228 254 195   0   0
  0   0 189 254 254 235  76 220 222  84 225 254 254 195   0   0
  0   0 188 253 253 254 230 122 124 222 254 253 253 194   0   0
  0   0 188 253 253 254 229 120 122 220 254 253 253 194   0   0
  0   0 189 254 254 234  66 229 230  76 223 254 254 195   0   0
  0   0 189 254 234  44 234 254 254 235  54 227 254 195   0   0
  0   0 188 243  42 234 254 253 253 254 235  49 240 194   0   0
  0   0 188 253 243 254 254 253 253 254 254 243 253 194   0   0
  0   0 140 188 188 189 189 188 188 189 189 188 188 144   0   0
  0   0   0   0   0   0   0   0   0   0   0   0   0   0   0   0
  0   0   0   0   0   0   0   0   0   0   0   0   0   0   0   0

  0   0   0   0   0   0   0   0   0   0   0   0   0   0   0   0
  0   0   0   0   0   0   0   0   0   0   0   0   0   0   0   0
  0   0 149 194 194 195 195 194 194 195 195 194 194 144   0   0
  0   0 194 253 241 254 254 253 253 254 254 240 253 188   0   0
  0   0 194 241  55 228 254 253 253 254 227  49 243 188   0   0
  0   0 195 254 228  63 225 254 254 223  54 235 254 189   0   0
  0   0 195 254 254 225  84 222 220  76 235 254 254 189   0   0
  0   0 194 253 253 254 222 124 122 230 254 253 253 188   0   0
  0   0 194 253 253 254 220 122 120 229 254 253 253 188   0   0
  0   0 195 254 254 223  76 230 229  66 234 254 254 189   0   0
  0   0 195 254 227  54 235 254 254 234  44 234 254 189   0   0
  0   0 194 240  49 235 254 253 253 254 234  42 243 188   0   0
  0   0 194 253 243 254 254 253 253 254 254 243 253 188   0   0
  0   0 144 188 188 189 189 188 188 189 189 188 188 140   0   0
  0   0   0   0   0   0   0   0   0   0   0   0   0   0   0   0
  0   0   0   0   0   0   0   0   0   0   0   0   0   0   0   0
  0   0   0   0   0   0   0   0   0   0   0   0   0   0   0   0
  0   0   0   0   0   0   0   0   0   0   0   0   0   0   0   0
  0   0 149 194 194 195 195 194 194 195 195 194 194 144   0   0
  0   0 194 253 241 254 254 253 253 254 254 240 253 188   0   0
  0   0 194 241  55 228 254 253 253 254 227  49 243 188   0   0
  0   0 195 254 228  63 225 254 254 223  54 235 254 189   0   0
  0   0 195 254 254 225  84 222 220  76 235 254 254 189   0   0
  0   0 194 253 253 254 222 124 122 230 254 253 253 188   0   0
  0   0 194 253 253 254 220 122 120 229 254 253 253 188   0   0
  0   0 195 254 254 223  76 230 229  66 234 254 254 189   0   0
  0   0 195 254 227  54 235 254 254 234  44 234 254 189   0   0
  0   0 194 240  49 235 254 253 253 254 234  42 243 188   0   0
  0   0 194 253 243 254 254 253 253 254 254 243 253 188   0   0
  0   0 144 188 188 189 189 188 188 189 189 188 188 140   0   0
  0   0   0   0   0   0   0   0   0   0   0   0   0   0   0   0
  0   0   0   0   0   0   0   0   0   0   0   0   0   0   0   0
  0   0   0   0   0   0   0   0   0   0   0   0   0   0   0   0
  0   0   0   0   0   0   0   0   0   0   0   0   0   0   0   0
  0   0 149 194 194 195 195 194 194 195 195 194 194 144   0   0
  0   0 194 253 241 254 254 253 253 254 254 240 253 188   0   0
  0   0 194 241  55 228 254 253 253 254 227  49 243 188   0   0
  0   0 195 254 228  63 225 254 254 223  54 235 254 189   0   0
  0   0 195 254 254 225  84 222 220  76 235 254 254 189   0   0
  0   0 194 253 253 254 222 124 122 230 254 253 253 188   0   0
  0   0 194 253 253 254 220 122 120 229 254 253 253 188   0   0
  0   0 195 254 254 223  76 230 229  66 234 254 254 189   0   0
  0   0 195 254 227  54 235 254 254 234  44 234 254 189   0   0
  0   0 194 240  49 235 254 253 253 254 234  42 243 188   0   0
  0   0 194 253 243 254 254 253 253 254 254 243 253 188   0   0
  0   0 144 188 188 189 189 188 188 189 189 188 188 140   0   0
  0   0   0   0   0   0   0   0   0   0   0   0   0   0   0   0
  0   0   0   0   0   0   0   0   0   0   0   0   0   0   0   0

  0   0   0   0   0   0   0   0   0   0   0   0   0   0   0   0
  0   0   0   0   0   0   0   0   0   0   0   0   0   0   0   0
  0   0 144 188 188 189 189 188 188 189 189 188 188 140   0   0
  0   0 194 253 243 254 254 253 253 254 254 243 253 188   0   0
  0   0 194 240  49 235 254 253 253 254 234  42 243 188   0   0
  0   0 195 254 227  54 235 254 254 234  44 234 254 189   0   0
  0   0 195 254 254 223  76 230 229  66 234 254 254 189   0   0
  0   0 194 253 253 254 220 122 120 229 254 253 253 188   0   0
  0   0 194 253 253 254 222 124 122 230 254 253 253 188   0   0
  0   0 195 254 254 225  84 222 220  76 235 254 254 189   0   0
  0   0 195 254 228  63 225 254 254 223  54 235 254 189   0   0
  0   0 194 241  55 228 254 253 253 254 227  49 243 188   0   0
  0   0 194 253 241 254 254 253 253 254 254 240 253 188   0   0
  0   0 149 194 194 195 195 194 194 195 195 194 194 144   0   0
  0   0   0   0   0   0   0   0   0   0   0   0   0   0   0   0
  0   0   0   0   0   0   0   0   0   0   0   0   0   0   0   0
  0   0   0   0   0   0   0   0   0   0   0   0   0   0   0   0
  0   0   0   0   0   0   0   0   0   0   0   0   0   0   0   0
  0   0 144 188 188 189 189 188 188 189 189 188 188 140   0   0
  0   0 194 253 243 254 254 253 253 254 254 243 253 188   0   0
  0   0 194 240  49 235 254 253 253 254 234  42 243 188   0   0
  0   0 195 254 227  54 235 254 254 234  44 234 254 189   0   0
  0   0 195 254 254 223  76 230 229  66 234 254 254 189   0   0
  0   0 194 253 253 254 220 122 120 229 254 253 253 188   0   0
  0   0 194 253 253 254 222 124 122 230 254 253 253 188   0   0
  0   0 195 254 254 225  84 222 220  76 235 254 254 189   0   0
  0   0 195 254 228  63 225 254 254 223  54 235 254 189   0   0
  0   0 194 241  55 228 254 253 253 254 227  49 243 188   0   0
  0   0 194 253 241 254 254 253 253 254 254 240 253 188   0   0
  0   0 149 194 194 195 195 194 194 195 195 194 194 144   0   0
  0   0   0   0   0   0   0   0   0   0   0   0   0   0   0   0
  0   0   0   0   0   0   0   0   0   0   0   0   0   0   0   0
  0   0   0   0   0   0   0   0   0   0   0   0   0   0   0   0
  0   0   0   0   0   0   0   0   0   0   0   0   0   0   0   0
  0   0 144 188 188 189 189 188 188 189 189 188 188 140   0   0
  0   0 194 253 243 254 254 253 253 254 254 243 253 188   0   0
  0   0 194 240  49 235 254 253 253 254 234  42 243 188   0   0
  0   0 195 254 227  54 235 254 254 234  44 234 254 189   0   0
  0   0 195 254 254 223  76 230 229  66 234 254 254 189   0   0
  0   0 194 253 253 254 220 122 120 229 254 253 253 188   0   0
  0   0 194 253 253 254 222 124 122 230 254 253 253 188   0   0
  0   0 195 254 254 225  84 222 220  76 235 254 254 189   0   0
  0   0 195 254 228  63 225 254 254 223  54 235 254 189   0   0
  0   0 194 241  55 228 254 253 253 254 227  49 243 188   0   0
  0   0 194 253 241 254 254 253 253 254 254 240 253 188   0   0
  0   0 149 194 194 195 195 194 194 195 195 194 194 144   0   0
  0   0   0   0   0   0   0   0   0   0   0   0   0   0   0   0
  0   0   0   0   0   0   0   0   0   0   0   0   0   0   0   0
