  0   0   0   0   0   0   0   0   0   0   0   0   0   0   0   0
  0   0 108  11   0   0   0   0   0   0   0   0   0   0   0   0
  0   0 188 192 187 187 187 187 187 187 187 187 187 144   0   0
  0   0 187  40  31  20  20  20  20  20  20  31  38 193   0   0
  0   0 187  31 212  21   0   0   0   0  19 206  33 193   0   0
  0   0 187  20  21 210  21   0   0  19 200  28  18 193   0   0
  0   0 187  20   0  21 190  24  23 180  31   0  18 193   0   0
  0   0 187  20   0   0  24 138 135  33   0   0  18 193   0   0
  0   0 187  20   0   0  23 135 132  31   0   0  18 193   0   0
  0   0 187  20   0  19 180  33  31 172  29   0  18 193   0   0
  0   0 187  20  19 200  31   0   0  29 191  26  18 193   0   0
  0   0 187  31 206  28   0   0   0   0  26 200  32 193   0   0
  0   0 187  38  33  18  18  18  18  18  18  32  37 197  11   0
  0   0 144 193 193 193 193 193 193 193 193 193 193 194 120   0
  0   0   0   0   0   0   0   0   0   0   0   0   0   0   0   0
  0   0   0   0   0   0   0   0   0   0   0   0   0   0   0   0
  0   0   0   0   0   0   0   0   0   0   0   0   0   0   0   0
  0   0 108  11   0   0   0   0   0   0   0   0   0   0   0   0
  0   0 188 192 187 187 187 187 187 187 187 187 187 144   0   0
  0   0 187  40  31  20  20  20  20  20  20  31  38 193   0   0
  0   0 187  31 212  21   0   0   0   0  19 206  33 193   0   0
  0   0 187  20  21 210  21   0   0  19 200  28  18 193   0   0
  0   0 187  20   0  21 190  24  23 180  31   0  18 193   0   0
  0   0 187  20   0   0  24 138 135  33   0   0  18 193   0   0
  0   0 187  20   0   0  23 135 132  31   0   0  18 193   0   0
  0   0 187  20   0  19 180  33  31 172  29   0  18 193   0   0
  0   0 187  20  19 200  31   0   0  29 191  26  18 193   0   0
  0   0 187  31 206  28   0   0   0   0  26 200  32 193   0   0
  0   0 187  38  33  18  18  18  18  18  18  32  37 197  11   0
  0   0 144 193 193 193 193 193 193 193 193 193 193 194 120   0
  0   0   0   0   0   0   0   0   0   0   0   0   0   0   0   0
  0   0   0   0   0   0   0   0   0   0   0   0   0   0   0   0
  0   0   0   0   0   0   0   0   0   0   0   0   0   0   0   0
  0   0 108  11   0   0   0   0   0   0   0   0   0   0   0   0
  0   0 188 192 187 187 187 187 187 187 187 187 187 144   0   0
  0   0 187  40  31  20  20  20  20  20  20  31  38 193   0   0
  0   0 187  31 212  21   0   0   0   0  19 206  33 193   0   0
  0   0 187  20  21 210  21   0   0  19 200  28  18 193   0   0
  0   0 187  20   0  21 190  24  23 180  31   0  18 193   0   0
  0   0 187  20   0   0  24 138 135  33   0   0  18 193   0   0
  0   0 187  20   0   0  23 135 132  31   0   0  18 193   0   0
  0   0 187  20   0  19 180  33  31 172  29   0  18 193   0   0
  0   0 187  20  19 200  31   0   0  29 191  26  18 193   0   0
  0   0 187  31 206  28   0   0   0   0  26 200  32 193   0   0
  0   0 187  38  33  18  18  18  18  18  18  32  37 197  11   0
  0   0 144 193 193 193 193 193 193 193 193 193 193 194 120   0
  0   0   0   0   0   0   0   0   0   0   0   0   0   0   0   0
  0   0   0   0   0   0   0   0   0   0   0   0   0   0   0   0

  0   0   0   0   0   0   0   0   0   0   0   0   0   0   0   0
  0   0   0   0   0   0   0   0   0   0   0   0  11 120   0   0
  0   0 144 193 193 193 193 193 193 193 193 193 197 194   0   0
  0   0 187  38  33  18  18  18  18  18  18  32  37 193   0   0
  0   0 187  31 206  28   0   0   0   0  26 200  32 193   0   0
  0   0 187  20  19 200  31   0   0  29 191  26  18 193   0   0
  0   0 187  20   0  19 180  33  31 172  29   0  18 193   0   0
  0   0 187  20   0   0  23 135 132  31   0   0  18 193   0   0
  0   0 187  20   0   0  24 138 135  33   0   0  18 193   0   0
  0   0 187  20   0  21 190  24  23 180  31   0  18 193   0   0
  0   0 187  20  21 210  21   0   0  19 200  28  18 193   0   0
  0   0 187  31 212  21   0   0   0   0  19 206  33 193   0   0
  0  11 192  40  31  20  20  20  20  20  20  31  38 193   0   0
  0 108 188 187 187 187 187 187 187 187 187 187 187 144   0   0
  0   0   0   0   0   0   0   0   0   0   0   0   0   0   0   0
  0   0   0   0   0   0   0   0   0   0   0   0   0   0   0   0
  0   0   0   0   0   0   0   0   0   0   0   0   0   0   0   0
  0   0   0   0   0   0   0   0   0   0   0   0  11 120   0   0
  0   0 144 193 193 193 193 193 193 193 193 193 197 194   0   0
  0   0 187  38  33  18  18  18  18  18  18  32  37 193   0   0
  0   0 187  31 206  28   0   0   0   0  26 200  32 193   0   0
  0   0 187  20  19 200  31   0   0  29 191  26  18 193   0   0
  0   0 187  20   0  19 180  33  31 172  29   0  18 193   0   0
  0   0 187  20   0   0  23 135 132  31   0   0  18 193   0   0
  0   0 187  20   0   0  24 138 135  33   0   0  18 193   0   0
  0   0 187  20   0  21 190  24  23 180  31   0  18 193   0   0
  0   0 187  20  21 210  21   0   0  19 200  28  18 193   0   0
  0   0 187  31 212  21   0   0   0   0  19 206  33 193   0   0
  0  11 192  40  31  20  20  20  20  20  20  31  38 193   0   0
  0 108 188 187 187 187 187 187 187 187 187 187 187 144   0   0
  0   0   0   0   0   0   0   0   0   0   0   0   0   0   0   0
  0   0   0   0   0   0   0   0   0   0   0   0   0   0   0   0
  0   0   0   0   0   0   0   0   0   0   0   0   0   0   0   0
  0   0   0   0   0   0   0   0   0   0   0   0  11 120   0   0
  0   0 144 193 193 193 193 193 193 193 193 193 197 194   0   0
  0   0 187  38  33  18  18  18  18  18  18  32  37 193   0   0
  0   0 187  31 206  28   0   0   0   0  26 200  32 193   0   0
  0   0 187  20  19 200  31   0   0  29 191  26  18 193   0   0
  0   0 187  20   0  19 180  33  31 172  29   0  18 193   0   0
  0   0 187  20   0   0  23 135 132  31   0   0  18 193   0   0
  0   0 187  20   0   0  24 138 135  33   0   0  18 193   0   0
  0   0 187  20   0  21 190  24  23 180  31   0  18 193   0   0
  0   0 187  20  21 210  21   0   0  19 200  28  18 193   0   0
  0   0 187  31 212  21   0   0   0   0  19 206  33 193   0   0
  0  11 192  40  31  20  20  20  20  20  20  31  38 193   0   0
  0 108 188 187 187 187 187 187 187 187 187 187 187 144   0   0
  0   0   0   0   0   0   0   0   0   0   0   0   0   0   0   0
  0   0   0   0   0   0   0   0   0   0   0   0   0   0   0   0

  0   0   0   0   0   0   0   0   0   0   0   0   0   0   0   0
  0   0   0   0   0   0   0   0   0   0   0   0   0   0   0   0
  0 120 194 193 193 193 193 193 193 193 193 193 193 144   0   0
  0  11 197  37  32  18  18  18  18  18  18  33  38 187   0   0
  0   0 193  32 200  26   0   0   0   0  28 206  31 187   0   0
  0   0 193  18  26 191  29   0   0  31 200  19  20 187   0   0
  0   0 193  18   0  29 172  31  33 180  19   0  20 187   0   0
  0   0 193  18   0   0  31 132 135  23   0   0  20 187   0   0
  0   0 193  18   0   0  33 135 138  24   0   0  20 187   0   0
  0   0 193  18   0  31 180  23  24 190  21   0  20 187   0   0
  0   0 193  18  28 200  19   0   0  21 210  21  20 187   0   0
  0   0 193  33 206  19   0   0   0   0  21 212  31 187   0   0
  0   0 193  38  31  20  20  20  20  20  20  31  40 187   0   0
  0   0 144 187 187 187 187 187 187 187 187 187 192 188   0   0
  0   0   0   0   0   0   0   0   0   0   0   0  11 108   0   0
  0   0   0   0   0   0   0   0   0   0   0   0   0   0   0   0
  0   0   0   0   0   0   0   0   0   0   0   0   0   0   0   0
  0   0   0   0   0   0   0   0   0   0   0   0   0   0   0   0
  0 120 194 193 193 193 193 193 193 193 193 193 193 144   0   0
  0  11 197  37  32  18  18  18  18  18  18  33  38 187   0   0
  0   0 193  32 200  26   0   0   0   0  28 206  31 187   0   0
  0   0 193  18  26 191  29   0   0  31 200  19  20 187   0   0
  0   0 193  18   0  29 172  31  33 180  19   0  20 187   0   0
  0   0 193  18   0   0  31 132 135  23   0   0  20 187   0   0
  0   0 193  18   0   0  33 135 138  24   0   0  20 187   0   0
  0   0 193  18   0  31 180  23  24 190  21   0  20 187   0   0
  0   0 193  18  28 200  19   0   0  21 210  21  20 187   0   0
  0   0 193  33 206  19   0   0   0   0  21 212  31 187   0   0
  0   0 193  38  31  20  20  20  20  20  20  31  40 187   0   0
  0   0 144 187 187 187 187 187 187 187 187 187 192 188   0   0
  0   0   0   0   0   0   0   0   0   0   0   0  11 108   0   0
  0   0   0   0   0   0   0   0   0   0   0   0   0   0   0   0
  0   0   0   0   0   0   0   0   0   0   0   0   0   0   0   0
  0   0   0   0   0   0   0   0   0   0   0   0   0   0   0   0
  0 120 194 193 193 193 193 193 193 193 193 193 193 144   0   0
  0  11 197  37  32  18  18  18  18  18  18  33  38 187   0   0
  0   0 193  32 200  26   0   0   0   0  28 206  31 187   0   0
  0   0 193  18  26 191  29   0   0  31 200  19  20 187   0   0
  0   0 193  18   0  29 172  31  33 180  19   0  20 187   0   0
  0   0 193  18   0   0  31 132 135  23   0   0  20 187   0   0
  0   0 193  18   0   0  33 135 138  24   0   0  20 187   0   0
  0   0 193  18   0  31 180  23  24 190  21   0  20 187   0   0
  0   0 193  18  28 200  19   0   0  21 210  21  20 187   0   0
  0   0 193  33 206  19   0   0   0   0  21 212  31 187   0   0
  0   0 193  38  31  20  20  20  20  20  20  31  40 187   0   0
  0   0 144 187 187 187 187 187 187 187 187 187 192 188   0   0
  0   0   0   0   0   0   0   0   0   0   0   0  11 108   0   0
  0   0   0   0   0   0   0   0   0   0   0   0   0   0   0   0

  0   0   0   0   0   0   0   0   0   0   0   0   0   0   0   0
  0   0   0   0   0   0   0   0   0   0   0   0   0   0   0   0
  0   0 144 187 187 187 187 187 187 187 187 187 187 188 108   0
  0   0 193  38  31  20  20  20  20  20  20  31  40 192  11   0
  0   0 193  33 206  19   0   0   0   0  21 212  31 187   0   0
  0   0 193  18  28 200  19   0   0  21 210  21  20 187   0   0
  0   0 193  18   0  31 180  23  24 190  21   0  20 187   0   0
  0   0 193  18   0   0  33 135 138  24   0   0  20 187   0   0
  0   0 193  18   0   0  31 132 135  23   0   0  20 187   0   0
  0   0 193  18   0  29 172  31  33 180  19   0  20 187   0   0
  0   0 193  18  26 191  29   0   0  31 200  19  20 187   0   0
  0   0 193  32 200  26   0   0   0   0  28 206  31 187   0   0
  0   0 193  37  32  18  18  18  18  18  18  33  38 187   0   0
  0   0 194 197 193 193 193 193 193 193 193 193 193 144   0   0
  0   0 120  11   0   0   0   0   0   0   0   0   0   0   0   0
  0   0   0   0   0   0   0   0   0   0   0   0   0   0   0   0
  0   0   0   0   0   0   0   0   0   0   0   0   0   0   0   0
  0   0   0   0   0   0   0   0   0   0   0   0   0   0   0   0
  0   0 144 187 187 187 187 187 187 187 187 187 187 188 108   0
  0   0 193  38  31  20  20  20  20  20  20  31  40 192  11   0
  0   0 193  33 206  19   0   0   0   0  21 212  31 187   0   0
  0   0 193  18  28 200  19   0   0  21 210  21  20 187   0   0
  0   0 193  18   0  31 180  23  24 190  21   0  20 187   0   0
  0   0 193  18   0   0  33 135 138  24   0   0  20 187   0   0
  0   0 193  18   0   0  31 132 135  23   0   0  20 187   0   0
  0   0 193  18   0  29 172  31  33 180  19   0  20 187   0   0
  0   0 193  18  26 191  29   0   0  31 200  19  20 187   0   0
  0   0 193  32 200  26   0   0   0   0  28 206  31 187   0   0
  0   0 193  37  32  18  18  18  18  18  18  33  38 187   0   0
  0   0 194 197 193 193 193 193 193 193 193 193 193 144   0   0
  0   0 120  11   0   0   0   0   0   0   0   0   0   0   0   0
  0   0   0   0   0   0   0   0   0   0   0   0   0   0   0   0
  0   0   0   0   0   0   0   0   0   0   0   0   0   0   0   0
  0   0   0   0   0   0   0   0   0   0   0   0   0   0   0   0
  0   0 144 187 187 187 187 187 187 187 187 187 187 188 108   0
  0   0 193  38  31  20  20  20  20  20  20  31  40 192  11   0
  0   0 193  33 206  19   0   0   0   0  21 212  31 187   0   0
  0   0 193  18  28 200  19   0   0  21 210  21  20 187   0   0
  0   0 193  18   0  31 180  23  24 190  21   0  20 187   0   0
  0   0 193  18   0   0  33 135 138  24   0   0  20 187   0   0
  0   0 193  18   0   0  31 132 135  23   0   0  20 187   0   0
  0   0 193  18   0  29 172  31  33 180  19   0  20 187   0   0
  0   0 193  18  26 191  29   0   0  31 200  19  20 187   0   0
  0   0 193  32 200  26   0   0   0   0  28 206  31 187   0   0
  0   0 193  37  32  18  18  18  18  18  18  33  38 187   0   0
  0   0 194 197 193 193 193 193 193 193 193 193 193 144   0   0
  0   0 120  11   0   0   0   0   0   0   0   0   0   0   0   0
  0   0   0   0   0   0   0   0   0   0   0   0   0   0   0   0
