  0   0   0   0   0   0   0   0   0   0   0   0   0   0   0   0
  0   0   0   0   0   0   0   0   0   0   0   0   0   0   0   0
  0   0 139 187 187 187 187 186 186 187 187 187 187 144   0   0
  0   0 187  40  32  20  20  20  20  20  20  31  38 193   0   0
  0   0 187  32 213  21   0   0   0   0  20 206  33 193   0   0
  0   0 187  20  21 210  21   0   0  19 200  28  18 193   0   0
  0   0 187  20   0  21 190  25  23 180  31   0  18 193   0   0
  0   0 186  20   0   0  25 141 138  34   0   0  18 192   0   0
  0   0 186  20   0   0  23 138 135  31   0   0  18 192   0   0
  0   0 187  20   0  19 180  34  31 172  29   0  18 193   0   0
  0   0 187  20  20 200  31   0   0  29 192  26  18 193   0   0
  0   0 187  31 206  28   0   0   0   0  26 201  33 193   0   0
  0   0 187  38  33  18  18  18  18  18  18  33  37 193   0   0
  0   0 144 193 193 193 193 192 192 193 193 193 193 148   0   0
  0   0   0   0   0   0   0   0   0   0   0   0   0   0   0   0
  0   0   0   0   0   0   0   0   0   0   0   0   0   0   0   0
  0   0   0   0   0   0   0   0   0   0   0   0   0   0   0   0
  0   0   0   0   0   0   0   0   0   0   0   0   0   0   0   0
  0   0 139 187 187 187 187 186 186 187 187 187 187 144   0   0
  0   0 187  40  32  20  20  20  20  20  20  31  38 193   0   0
  0   0 187  32 213  21   0   0   0   0  20 206  33 193   0   0
  0   0 187  20  21 210  21   0   0  19 200  28  18 193   0   0
  0   0 187  20   0  21 190  25  23 180  31   0  18 193   0   0
  0   0 186  20   0   0  25 141 138  34   0   0  18 192   0   0
  0   0 186  20   0   0  23 138 135  31   0   0  18 192   0   0
  0   0 187  20   0  19 180  34  31 172  29   0  18 193   0   0
  0   0 187  20  20 200  31   0   0  29 192  26  18 193   0   0
  0   0 187  31 206  28   0   0   0   0  26 201  33 193   0   0
  0   0 187  38  33  18  18  18  18  18  18  33  37 193   0   0
  0   0 144 193 193 193 193 192 192 193 193 193 193 148   0   0
  0   0   0   0   0   0   0   0   0   0   0   0   0   0   0   0
  0   0   0   0   0   0   0   0   0   0   0   0   0   0   0   0
  0   0   0   0   0   0   0   0   0   0   0   0   0   0   0   0
  0   0   0   0   0   0   0   0   0   0   0   0   0   0   0   0
  0   0 139 187 187 187 187 186 186 187 187 187 187 144   0   0
  0   0 187  40  32  20  20  20  20  20  20  31  38 193   0   0
  0   0 187  32 213  21   0   0   0   0  20 206  33 193   0   0
  0   0 187  20  21 210  21   0   0  19 200  28  18 193   0   0
  0   0 187  20   0  21 190  25  23 180  31   0  18 193   0   0
  0   0 186  20   0   0  25 141 138  34   0   0  18 192   0   0
  0   0 186  20   0   0  23 138 135  31   0   0  18 192   0   0
  0   0 187  20   0  19 180  34  31 172  29   0  18 193   0   0
  0   0 187  20  20 200  31   0   0  29 192  26  18 193   0   0
  0   0 187  31 206  28   0   0   0   0  26 201  33 193   0   0
  0   0 187  38  33  18  18  18  18  18  18  33  37 193   0   0
  0   0 144 193 193 193 193 192 192 193 193 193 193 148   0   0
  0   0   0   0   0   0   0   0   0   0   0   0   0   0   0   0
  0   0   0   0   0   0   0   0   0   0   0   0   0   0   0   0

  0   0   0   0   0   0   0   0   0   0   0   0   0   0   0   0
  0   0   0   0   0   0   0   0   0   0   0   0   0   0   0   0
  0   0 144 193 193 193 193 192 192 193 193 193 193 148   0   0
  0   0 187  38  33  18  18  18  18  18  18  33  37 193   0   0
  0   0 187  31 206  28   0   0   0   0  26 201  33 193   0   0
  0   0 187  20  20 200  31   0   0  29 192  26  18 193   0   0
  0   0 187  20   0  19 180  34  31 172  29   0  18 193   0   0
  0   0 186  20   0   0  23 138 135  31   0   0  18 192   0   0
  0   0 186  20   0   0  25 141 138  34   0   0  18 192   0   0
  0   0 187  20   0  21 190  25  23 180  31   0  18 193   0   0
  0   0 187  20  21 210  21   0   0  19 200  28  18 193   0   0
  0   0 187  32 213  21   0   0   0   0  20 206  33 193   0   0
  0   0 187  40  32  20  20  20  20  20  20  31  38 193   0   0
  0   0 139 187 187 187 187 186 186 187 187 187 187 144   0   0
  0   0   0   0   0   0   0   0   0   0   0   0   0   0   0   0
  0   0   0   0   0   0   0   0   0   0   0   0   0   0   0   0
  0   0   0   0   0   0   0   0   0   0   0   0   0   0   0   0
  0   0   0   0   0   0   0   0   0   0   0   0   0   0   0   0
  0   0 144 193 193 193 193 192 192 193 193 193 193 148   0   0
  0   0 187  38  33  18  18  18  18  18  18  33  37 193   0   0
  0   0 187  31 206  28   0   0   0   0  26 201  33 193   0   0
  0   0 187  20  20 200  31   0   0  29 192  26  18 193   0   0
  0   0 187  20   0  19 180  34  31 172  29   0  18 193   0   0
  0   0 186  20   0   0  23 138 135  31   0   0  18 192   0   0
  0   0 186  20   0   0  25 141 138  34   0   0  18 192   0   0
  0   0 187  20   0  21 190  25  23 180  31   0  18 193   0   0
  0   0 187  20  21 210  21   0   0  19 200  28  18 193   0   0
  0   0 187  32 213  21   0   0   0   0  20 206  33 193   0   0
  0   0 187  40  32  20  20  20  20  20  20  31  38 193   0   0
  0   0 139 187 187 187 187 186 186 187 187 187 187 144   0   0
  0   0   0   0   0   0   0   0   0   0   0   0   0   0   0   0
  0   0   0   0   0   0   0   0   0   0   0   0   0   0   0   0
  0   0   0   0   0   0   0   0   0   0   0   0   0   0   0   0
  0   0   0   0   0   0   0   0   0   0   0   0   0   0   0   0
  0   0 144 193 193 193 193 192 192 193 193 193 193 148   0   0
  0   0 187  38  33  18  18  18  18  18  18  33  37 193   0   0
  0   0 187  31 206  28   0   0   0   0  26 201  33 193   0   0
  0   0 187  20  20 200  31   0   0  29 192  26  18 193   0   0
  0   0 187  20   0  19 180  34  31 172  29   0  18 193   0   0
  0   0 186  20   0   0  23 138 135  31   0   0  18 192   0   0
  0   0 186  20   0   0  25 141 138  34   0   0  18 192   0   0
  0   0 187  20   0  21 190  25  23 180  31   0  18 193   0   0
  0   0 187  20  21 210  21   0   0  19 200  28  18 193   0   0
  0   0 187  32 213  21   0   0   0   0  20 206  33 193   0   0
  0   0 187  40  32  20  20  20  20  20  20  31  38 193   0   0
  0   0 139 187 187 187 187 186 186 187 187 187 187 144   0   0
  0   0   0   0   0   0   0   0   0   0   0   0   0   0   0   0
  0   0   0   0   0   0   0   0   0   0   0   0   0   0   0   0

  0   0   0   0   0   0   0   0   0   0   0   0   0   0   0   0
  0   0   0   0   0   0   0   0   0   0   0   0   0   0   0   0
  0   0 148 193 193 193 193 192 192 193 193 193 193 144   0   0
  0   0 193  37  33  18  18  18  18  18  18  33  38 187   0   0
  0   0 193  33 201  26   0   0   0   0  28 206  31 187   0   0
  0   0 193  18  26 192  29   0   0  31 200  20  20 187   0   0
  0   0 193  18   0  29 172  31  34 180  19   0  20 187   0   0
  0   0 192  18   0   0  31 135 138  23   0   0  20 186   0   0
  0   0 192  18   0   0  34 138 141  25   0   0  20 186   0   0
  0   0 193  18   0  31 180  23  25 190  21   0  20 187   0   0
  0   0 193  18  28 200  19   0   0  21 210  21  20 187   0   0
  0   0 193  33 206  20   0   0   0   0  21 213  32 187   0   0
  0   0 193  38  31  20  20  20  20  20  20  32  40 187   0   0
  0   0 144 187 187 187 187 186 186 187 187 187 187 139   0   0
  0   0   0   0   0   0   0   0   0   0   0   0   0   0   0   0
  0   0   0   0   0   0   0   0   0   0   0   0   0   0   0   0
  0   0   0   0   0   0   0   0   0   0   0   0   0   0   0   0
  0   0   0   0   0   0   0   0   0   0   0   0   0   0   0   0
  0   0 148 193 193 193 193 192 192 193 193 193 193 144   0   0
  0   0 193  37  33  18  18  18  18  18  18  33  38 187   0   0
  0   0 193  33 201  26   0   0   0   0  28 206  31 187   0   0
  0   0 193  18  26 192  29   0   0  31 200  20  20 187   0   0
  0   0 193  18   0  29 172  31  34 180  19   0  20 187   0   0
  0   0 192  18   0   0  31 135 138  23   0   0  20 186   0   0
  0   0 192  18   0   0  34 138 141  25   0   0  20 186   0   0
  0   0 193  18   0  31 180  23  25 190  21   0  20 187   0   0
  0   0 193  18  28 200  19   0   0  21 210  21  20 187   0   0
  0   0 193  33 206  20   0   0   0   0  21 213  32 187   0   0
  0   0 193  38  31  20  20  20  20  20  20  32  40 187   0   0
  0   0 144 187 187 187 187 186 186 187 187 187 187 139   0   0
  0   0   0   0   0   0   0   0   0   0   0   0   0   0   0   0
  0   0   0   0   0   0   0   0   0   0   0   0   0   0   0   0
  0   0   0   0   0   0   0   0   0   0   0   0   0   0   0   0
  0   0   0   0   0   0   0   0   0   0   0   0   0   0   0   0
  0   0 148 193 193 193 193 192 192 193 193 193 193 144   0   0
  0   0 193  37  33  18  18  18  18  18  18  33  38 187   0   0
  0   0 193  33 201  26   0   0   0   0  28 206  31 187   0   0
  0   0 193  18  26 192  29   0   0  31 200  20  20 187   0   0
  0   0 193  18   0  29 172  31  34 180  19   0  20 187   0   0
  0   0 192  18   0   0  31 135 138  23   0   0  20 186   0   0
  0   0 192  18   0   0  34 138 141  25   0   0  20 186   0   0
  0   0 193  18   0  31 180  23  25 190  21   0  20 187   0   0
  0   0 193  18  28 200  19   0   0  21 210  21  20 187   0   0
  0   0 193  33 206  20   0   0   0   0  21 213  32 187   0   0
  0   0 193  38  31  20  20  20  20  20  20  32  40 187   0   0
  0   0 144 187 187 187 187 186 186 187 187 187 187 139   0   0
  0   0   0   0   0   0   0   0   0   0   0   0   0   0   0   0
  0   0   0   0   0   0   0   0   0   0   0   0   0   0   0   0

  0   0   0   0   0   0   0   0   0   0   0   0   0   0   0   0
  0   0   0   0   0   0   0   0   0   0   0   0   0   0   0   0
  0   0 144 187 187 187 187 186 186 187 187 187 187 139   0   0
  0   0 193  38  31  20  20  20  20  20  20  32  40 187   0   0
  0   0 193  33 206  20   0   0   0   0  21 213  32 187   0   0
  0   0 193  18  28 200  19   0   0  21 210  21  20 187   0   0
  0   0 193  18   0  31 180  23  25 190  21   0  20 187   0   0
  0   0 192  18   0   0  34 138 141  25   0   0  20 186   0   0
  0   0 192  18   0   0  31 135 138  23   0   0  20 186   0   0
  0   0 193  18   0  29 172  31  34 180  19   0  20 187   0   0
  0   0 193  18  26 192  29   0   0  31 200  20  20 187   0   0
  0   0 193  33 201  26   0   0   0   0  28 206  31 187   0   0
  0   0 193  37  33  18  18  18  18  18  18  33  38 187   0   0
  0   0 148 193 193 193 193 192 192 193 193 193 193 144   0   0
  0   0   0   0   0   0   0   0   0   0   0   0   0   0   0   0
  0   0   0   0   0   0   0   0   0   0   0   0   0   0   0   0
  0   0   0   0   0   0   0   0   0   0   0   0   0   0   0   0
  0   0   0   0   0   0   0   0   0   0   0   0   0   0   0   0
  0   0 144 187 187 187 187 186 186 187 187 187 187 139   0   0
  0   0 193  38  31  20  20  20  20  20  20  32  40 187   0   0
  0   0 193  33 206  20   0   0   0   0  21 213  32 187   0   0
  0   0 193  18  28 200  19   0   0  21 210  21  20 187   0   0
  0   0 193  18   0  31 180  23  25 190  21   0  20 187   0   0
  0   0 192  18   0   0  34 138 141  25   0   0  20 186   0   0
  0   0 192  18   0   0  31 135 138  23   0   0  20 186   0   0
  0   0 193  18   0  29 172  31  34 180  19   0  20 187   0   0
  0   0 193  18  26 192  29   0   0  31 200  20  20 187   0   0
  0   0 193  33 201  26   0   0   0   0  28 206  31 187   0   0
  0   0 193  37  33  18  18  18  18  18  18  33  38 187   0   0
  0   0 148 193 193 193 193 192 192 193 193 193 193 144   0   0
  0   0   0   0   0   0   0   0   0   0   0   0   0   0   0   0
  0   0   0   0   0   0   0   0   0   0   0   0   0   0   0   0
  0   0   0   0   0   0   0   0   0   0   0   0   0   0   0   0
  0   0   0   0   0   0   0   0   0   0   0   0   0   0   0   0
  0   0 144 187 187 187 187 186 186 187 187 187 187 139   0   0
  0   0 193  38  31  20  20  20  20  20  20  32  40 187   0   0
  0   0 193  33 206  20   0   0   0   0  21 213  32 187   0   0
  0   0 193  18  28 200  19   0   0  21 210  21  20 187   0   0
  0   0 193  18   0  31 180  23  25 190  21   0  20 187   0   0
  0   0 192  18   0   0  34 138 141  25   0   0  20 186   0   0
  0   0 192  18   0   0  31 135 138  23   0   0  20 186   0   0
  0   0 193  18   0  29 172  31  34 180  19   0  20 187   0   0
  0   0 193  18  26 192  29   0   0  31 200  20  20 187   0   0
  0   0 193  33 201  26   0   0   0   0  28 206  31 187   0   0
  0   0 193  37  33  18  18  18  18  18  18  33  38 187   0   0
  0   0 148 193 193 193 193 192 192 193 193 193 193 144   0   0
  0   0   0   0   0   0   0   0   0   0   0   0   0   0   0   0
  0   0   0   0   0   0   0   0   0   0   0   0   0   0   0   0
